1759365821.322598,89b7a8c98a9b2c01,1759365817.725637,1759365817.728377
1759426774.714543,9af9306ecd84a4b6,1759426773.256285,1759426773.283603
1759433562.438128,76ee0fb872fcdf8c,1759433561.363199,1759433561.364075
1759441194.037312,348baf49fec0c597,1759441192.124779,1759441192.126319
1759507682.364113,40e4f2a9eada8316,1759507680.790577,1759507680.792079
1759513426.808087,411ebe85c69d1a8d,1759513425.338721,1759513425.356539
1759524186.372891,76ad1b521bbbf426,1759524184.804384,1759524184.805856
,,3995559908,1759525523.573181
1759530624.394496,95f24970f030ec81,1759530622.726551,1759530622.73017
1759762041.366345,8de95070ed63a198,1759762037.836977,1759762037.84951
1759774526.502582,d03a428ee9fcc5dd,1759774525.288608,1759774525.289733
1759778902.591578,441fa632b5620dbf,1759778900.569265,1759778900.57024
1759780917.610406,f1418587cebb111b,1759780916.406895,1759780916.408052
1759783506.979154,fd7eb8bcc8274849,1759783503.519205,1759783503.5219
,,1122810223,1759787787.61536
1759794535.533191,a2c511fddb3c4521,1759794534.060977,1759794534.062895
